===========每幅图像的标定误差===========
第1幅图像的平均误差：0.0946079pixel
第2幅图像的平均误差：0.106204pixel
第3幅图像的平均误差：0.0957267pixel
总体平均误差：0.0988461pixel

================相机内参================
=============(非齐次坐标下)=============
[1011.719516680004, 0, 865.8167729935356;
 0, 1013.135854308214, 496.7916338675668;
 0, 0, 1]

================相机外参================
=============(非齐次坐标下)=============
第1幅图像的旋转向量：
[-0.02671631606078268;
 -3.143258021157208;
 -0.2015530724704066]
第1幅图像的旋转矩阵：
[-0.9998222195647084, 0.01640112937432631, 0.009302269612653475;
 0.01745489108717996, 0.9916671705716474, 0.1276383546883793;
 -0.007131342218304435, 0.1277780331890754, -0.9917771514773351]
第1幅图像的平移向量：
[50.56239457249517;
 -32.38229937913689;
 232.0335191881032]

第2幅图像的旋转向量：
[-0.1130463700004665;
 2.752948747486572;
 -0.1445644654769522]
第2幅图像的旋转矩阵：
[-0.9244855750702952, -0.05925115861617025, 0.3765842823188283;
 -0.09836734535424968, 0.9914714838521689, -0.08548778904577685;
 -0.3683073266375559, -0.1160758239713115, -0.9224294640971079]
第2幅图像的平移向量：
[53.42730634786282;
 -25.2766024496451;
 282.0668919132813]

第3幅图像的旋转向量：
[-0.03308920824038698;
 -2.683697941914518;
 -0.182344773451371]
第3幅图像的旋转矩阵：
[-0.8995046348623998, 0.05288811739916563, -0.4336983501225624;
 -0.006262697203914338, 0.9909836636240874, 0.1338363069346781;
 0.4368663302256111, 0.1231024998452646, -0.8910631762378322]
第3幅图像的平移向量：
[52.97655720378024;
 -26.31157903258202;
 207.1351437093582]


